                                                                           
                                  45555544446                              
                                223255525444254           654              
                            666512326665252443246        65555             
                          456 45           4436          555554            
            6           632  34                         55555556           
      4435555555554     664  3                         555545555           
    582555554   66664  666   6                        55554 55555          
   34555555     666666 666                           65555   55554         
  28555554      666666 6446          666666666666    5555     5555         
 43355555      6666666 6345          55555555555 6  5555445555556 64       
 42355555    66666666  61465         555555555542  555555555    45544      
  35555556 66666666     32455              555 53 4555555   5555545556     
  44355555               235455         454   33 655555  4       55555     
   433555555              644445555       44466  55555            55555    
     583555555546454        444555555554444446  65555             65555    
        452555556              455555554446      454                55     
                                                                           
                                                                             
      Spring Boot 3.4.3